
"Condicions inicials: (x, v) = (0, 0)"
0.000000 0.000000 0.000000 0.001000
0.001000 0.000000 0.000000 0.100000
0.101000 0.000000 0.000000 0.050000
0.151000 0.000000 0.000000 0.100000
0.251000 0.000000 0.000000 0.050000
0.301000 0.000000 0.000000 0.100000
0.401000 0.000000 0.000000 0.050000
0.451000 0.000000 0.000000 0.100000
0.551000 0.000000 0.000000 0.050000
0.601000 0.000000 0.000000 0.100000
0.701000 0.000000 0.000000 0.050000
0.751000 0.000000 0.000000 0.100000
0.851000 0.000000 0.000000 0.050000
0.901000 0.000000 0.000000 0.100000
1.001000 0.000000 0.000000 0.050000
1.051000 0.000000 0.000000 0.100000
1.151000 0.000000 0.000000 0.050000
1.201000 0.000000 0.000000 0.100000
1.301000 0.000000 0.000000 0.050000
1.351000 0.000000 0.000000 0.100000
1.451000 0.000000 0.000000 0.050000
1.501000 0.000000 0.000000 0.100000
1.601000 0.000000 0.000000 0.050000
1.651000 0.000000 0.000000 0.100000
1.751000 0.000000 0.000000 0.050000
1.801000 0.000000 0.000000 0.100000
1.901000 0.000000 0.000000 0.050000
1.951000 0.000000 0.000000 0.100000
2.051000 0.000000 0.000000 0.050000
2.101000 0.000000 0.000000 0.100000
2.201000 0.000000 0.000000 0.050000
2.251000 0.000000 0.000000 0.100000
2.351000 0.000000 0.000000 0.050000
2.401000 0.000000 0.000000 0.100000
2.501000 0.000000 0.000000 0.050000
2.551000 0.000000 0.000000 0.100000
2.651000 0.000000 0.000000 0.050000
2.701000 0.000000 0.000000 0.100000
2.801000 0.000000 0.000000 0.050000
2.851000 0.000000 0.000000 0.100000
2.951000 0.000000 0.000000 0.050000
3.001000 0.000000 0.000000 0.100000
3.101000 0.000000 0.000000 0.050000
3.151000 0.000000 0.000000 0.100000
3.251000 0.000000 0.000000 0.050000
3.301000 0.000000 0.000000 0.100000
3.401000 0.000000 0.000000 0.050000
3.451000 0.000000 0.000000 0.100000
3.551000 0.000000 0.000000 0.050000
3.601000 0.000000 0.000000 0.100000
3.701000 0.000000 0.000000 0.050000
3.751000 0.000000 0.000000 0.100000
3.851000 0.000000 0.000000 0.050000
3.901000 0.000000 0.000000 0.100000
4.001000 0.000000 0.000000 0.050000
4.051000 0.000000 0.000000 0.100000
4.151000 0.000000 0.000000 0.050000
4.201000 0.000000 0.000000 0.100000
4.301000 0.000000 0.000000 0.050000
4.351000 0.000000 0.000000 0.100000
4.451000 0.000000 0.000000 0.050000
4.501000 0.000000 0.000000 0.100000
4.601000 0.000000 0.000000 0.050000
4.651000 0.000000 0.000000 0.100000
4.751000 0.000000 0.000000 0.050000
4.801000 0.000000 0.000000 0.100000
4.901000 0.000000 0.000000 0.050000
4.951000 0.000000 0.000000 0.100000
5.051000 0.000000 0.000000 0.050000
5.101000 0.000000 0.000000 0.100000
5.201000 0.000000 0.000000 0.050000
5.251000 0.000000 0.000000 0.100000
5.351000 0.000000 0.000000 0.050000
5.401000 0.000000 0.000000 0.100000
5.501000 0.000000 0.000000 0.050000
5.551000 0.000000 0.000000 0.100000
5.651000 0.000000 0.000000 0.050000
5.701000 0.000000 0.000000 0.100000
5.801000 0.000000 0.000000 0.050000
5.851000 0.000000 0.000000 0.100000
5.951000 0.000000 0.000000 0.050000
6.001000 0.000000 0.000000 0.100000
6.101000 0.000000 0.000000 0.050000
6.151000 0.000000 0.000000 0.100000
6.251000 0.000000 0.000000 0.050000
6.301000 0.000000 0.000000 0.100000
6.401000 0.000000 0.000000 0.050000
6.451000 0.000000 0.000000 0.100000
6.551000 0.000000 0.000000 0.050000
6.601000 0.000000 0.000000 0.100000
6.701000 0.000000 0.000000 0.050000
6.751000 0.000000 0.000000 0.100000
6.851000 0.000000 0.000000 0.050000
6.901000 0.000000 0.000000 0.100000
7.001000 0.000000 0.000000 0.050000
7.051000 0.000000 0.000000 0.100000
7.151000 0.000000 0.000000 0.050000
7.201000 0.000000 0.000000 0.100000
7.301000 0.000000 0.000000 0.050000
7.351000 0.000000 0.000000 0.100000
7.451000 0.000000 0.000000 0.050000


"Condicions inicials: (x, v) = (0, 0.5)"
0.000000 0.000000 0.500000 0.001000
0.001000 0.000500 0.500000 0.100000
0.101000 0.050414 0.497452 0.050000
0.151000 0.075213 0.494313 0.100000
0.251000 0.124187 0.484352 0.050000
0.301000 0.148240 0.477562 0.100000
0.401000 0.195180 0.460462 0.050000
0.451000 0.217951 0.450205 0.100000
0.551000 0.261819 0.426429 0.050000
0.601000 0.282808 0.412979 0.100000
0.701000 0.322646 0.383144 0.050000
0.751000 0.341399 0.366844 0.100000
0.851000 0.376353 0.331696 0.050000
0.901000 0.392472 0.312942 0.100000
1.001000 0.421808 0.273314 0.050000
1.051000 0.434957 0.252540 0.100000
1.151000 0.458067 0.209327 0.050000
1.201000 0.467977 0.186990 0.100000
1.301000 0.484395 0.141117 0.050000
1.351000 0.490866 0.117686 0.100000
1.451000 0.500262 0.070099 0.050000
1.501000 0.503166 0.046048 0.100000
1.601000 0.505355 -0.002303 0.050000
1.651000 0.504635 -0.026498 0.100000
1.751000 0.499573 -0.074660 0.050000
1.801000 0.495243 -0.098522 0.100000
1.901000 0.483031 -0.145543 0.050000
1.951000 0.475176 -0.168596 0.100000
2.051000 0.456055 -0.213526 0.050000
2.101000 0.444833 -0.235298 0.100000
2.201000 0.419188 -0.277199 0.050000
2.251000 0.404825 -0.297225 0.100000
2.351000 0.373181 -0.335179 0.050000
2.401000 0.355972 -0.353010 0.100000
2.501000 0.318986 -0.386145 0.050000
2.551000 0.299294 -0.401360 0.100000
2.651000 0.257749 -0.428873 0.050000
2.701000 0.235996 -0.441094 0.100000
2.801000 0.190790 -0.462287 0.050000
2.851000 0.167448 -0.471197 0.100000
2.951000 0.119573 -0.485509 0.050000
3.001000 0.095158 -0.490868 0.100000
3.101000 0.045678 -0.497909 0.050000
3.151000 0.020736 -0.499570 0.100000
3.251000 -0.029241 -0.499144 0.050000
3.301000 -0.054151 -0.497060 0.100000
3.401000 -0.103504 -0.489179 0.050000
3.451000 -0.127824 -0.483408 0.100000
3.551000 -0.175448 -0.468291 0.050000
3.601000 -0.198635 -0.458992 0.100000
3.701000 -0.243474 -0.437050 0.050000
3.751000 -0.265016 -0.424472 0.100000
3.851000 -0.306087 -0.396283 0.050000
3.901000 -0.325516 -0.380751 0.100000
4.001000 -0.361934 -0.347027 0.050000
4.051000 -0.378836 -0.328925 0.100000
4.151000 -0.409830 -0.290478 0.050000
4.201000 -0.423850 -0.270230 0.100000
4.301000 -0.448778 -0.227939 0.050000
4.351000 -0.459628 -0.205998 0.100000
4.451000 -0.477981 -0.160783 0.050000
4.501000 -0.485442 -0.137614 0.100000
4.601000 -0.496852 -0.090416 0.050000
4.651000 -0.500775 -0.066492 0.100000
4.751000 -0.505016 -0.018261 0.050000
4.801000 -0.505324 0.005942 0.100000
4.901000 -0.502312 0.054254 0.050000
4.951000 -0.498999 0.078259 0.100000
5.051000 -0.488793 0.125699 0.050000
5.101000 -0.481924 0.149030 0.100000
5.201000 -0.464727 0.194648 0.050000
5.251000 -0.454438 0.216831 0.100000
5.351000 -0.430595 0.259683 0.050000
5.401000 -0.417094 0.280250 0.100000
5.501000 -0.387087 0.319413 0.050000
5.551000 -0.370651 0.337910 0.100000
5.651000 -0.335103 0.372495 0.050000
5.701000 -0.316075 0.388492 0.100000
5.801000 -0.275734 0.417673 0.050000
5.851000 -0.254519 0.430777 0.100000
5.951000 -0.210253 0.453824 0.050000
6.001000 -0.187310 0.463700 0.100000
6.101000 -0.140086 0.480008 0.050000
6.151000 -0.115921 0.486392 0.100000
6.251000 -0.066784 0.495521 0.050000
6.301000 -0.041935 0.498239 0.100000
6.401000 0.008015 0.499936 0.050000
6.451000 0.032992 0.498910 0.100000
6.551000 0.082635 0.493128 0.050000
6.601000 0.107178 0.488389 0.100000
6.701000 0.155402 0.475288 0.050000
6.751000 0.178963 0.466967 0.100000
6.851000 0.224694 0.446906 0.050000
6.901000 0.246751 0.435226 0.100000
7.001000 0.288984 0.408740 0.050000
7.051000 0.309056 0.394008 0.100000
7.151000 0.346875 0.361772 0.050000
7.201000 0.364532 0.344357 0.100000
7.301000 0.397133 0.307160 0.050000
7.351000 0.412002 0.287476 0.100000
7.451000 0.438705 0.246181 0.050000


"Condicions inicials: (x, v) = (0, 1)"
0.000000 0.000000 1.000000 0.001000
0.001000 0.001000 1.000000 0.100000
0.101000 0.100828 0.994908 0.050000
0.151000 0.150427 0.988643 0.100000
0.251000 0.248381 0.968826 0.050000
0.301000 0.296495 0.955370 0.100000
0.401000 0.390422 0.921682 0.050000
0.451000 0.436013 0.901602 0.100000
0.551000 0.523928 0.855407 0.050000
0.601000 0.566058 0.829484 0.100000
0.701000 0.646211 0.772491 0.050000
0.751000 0.684071 0.741629 0.100000
0.851000 0.754981 0.675699 0.050000
0.901000 0.787900 0.640837 0.100000
1.001000 0.848367 0.567819 0.050000
1.051000 0.875812 0.529855 0.100000
1.151000 0.924904 0.451467 0.050000
1.201000 0.946474 0.411213 0.100000
1.301000 0.983501 0.328974 0.050000
1.351000 0.998905 0.287135 0.100000
1.451000 1.023390 0.202356 0.050000
1.501000 1.032439 0.159540 0.100000
1.601000 1.044088 0.073352 0.050000
1.651000 1.046675 0.030092 0.100000
1.751000 1.045354 -0.056488 0.050000
1.801000 1.041449 -0.099698 0.100000
1.901000 1.027174 -0.185685 0.050000
1.951000 1.016822 -0.228347 0.100000
2.051000 0.989757 -0.312707 0.050000
2.101000 0.973081 -0.354276 0.100000
2.201000 0.933556 -0.435844 0.050000
2.251000 0.910764 -0.475693 0.100000
2.351000 0.859297 -0.553119 0.050000
2.401000 0.830702 -0.590521 0.100000
2.501000 0.768027 -0.662243 0.050000
2.551000 0.734057 -0.696366 0.100000
2.651000 0.661160 -0.760632 0.050000
2.701000 0.622374 -0.790565 0.100000
2.801000 0.540513 -0.845511 0.050000
2.851000 0.497610 -0.870317 0.100000
2.951000 0.408322 -0.914099 0.050000
3.001000 0.362138 -0.932890 0.100000
3.101000 0.267226 -0.963854 0.050000
3.151000 0.218723 -0.975885 0.100000
3.251000 0.120210 -0.992757 0.050000
3.301000 0.070442 -0.997517 0.100000
3.401000 -0.029495 -0.999565 0.050000
3.451000 -0.079416 -0.996843 0.100000
3.551000 -0.178538 -0.983976 0.050000
3.601000 -0.227495 -0.973894 0.100000
3.701000 -0.323601 -0.946675 0.050000
3.751000 -0.370518 -0.929666 0.100000
3.851000 -0.461533 -0.889237 0.050000
3.901000 -0.505422 -0.865991 0.100000
4.001000 -0.589477 -0.813918 0.050000
4.051000 -0.629464 -0.785294 0.100000
4.151000 -0.704948 -0.723389 0.050000
4.201000 -0.740296 -0.690317 0.100000
4.301000 -0.805873 -0.620454 0.050000
4.351000 -0.835986 -0.583861 0.100000
4.451000 -0.890600 -0.507830 0.050000
4.501000 -0.915013 -0.468573 0.100000
4.601000 -0.957862 -0.387994 0.050000
4.651000 -0.976235 -0.346829 0.100000
4.751000 -1.006746 -0.263110 0.050000
4.801000 -1.018842 -0.220690 0.100000
4.901000 -1.036637 -0.135041 0.050000
4.951000 -1.042311 -0.091929 0.100000
5.051000 -1.047181 -0.005414 0.050000
5.101000 -1.046369 0.037882 0.100000
5.201000 -1.038258 0.124275 0.050000
5.251000 -1.030968 0.167263 0.100000
5.351000 -1.009969 0.252534 0.050000
5.401000 -0.996287 0.294696 0.100000
5.501000 -0.962649 0.377751 0.050000
5.551000 -0.942740 0.418504 0.100000
5.651000 -0.896888 0.498086 0.050000
5.701000 -0.871013 0.536752 0.100000
5.801000 -0.813574 0.611401 0.050000
5.851000 -0.782104 0.647197 0.100000
5.951000 -0.713941 0.715244 0.050000
6.001000 -0.677371 0.747292 0.100000
6.101000 -0.599609 0.806915 0.050000
6.151000 -0.558572 0.834281 0.100000
6.251000 -0.472615 0.883607 0.050000
6.301000 -0.427882 0.905369 0.100000
6.401000 -0.335411 0.942629 0.050000
6.451000 -0.287887 0.957962 0.100000
6.551000 -0.190826 0.981680 0.050000
6.601000 -0.141525 0.989952 0.100000
6.701000 -0.041989 0.999118 0.050000
6.751000 0.007998 0.999968 0.100000
6.851000 0.107789 0.994179 0.050000
6.901000 0.157343 0.987570 0.100000
7.001000 0.255155 0.967082 0.050000
7.051000 0.303174 0.953303 0.100000
7.151000 0.396863 0.918997 0.050000
7.201000 0.442312 0.898626 0.100000
7.301000 0.529902 0.851888 0.050000
7.351000 0.571850 0.825713 0.100000
7.451000 0.651603 0.768261 0.050000


"Condicions inicials: (x, v) = (0, 1.5)"
0.000000 0.000000 1.500000 0.001000
0.001000 0.001500 1.499999 0.100000
0.101000 0.151243 1.492370 0.050000
0.151000 0.225642 1.483004 0.100000
0.251000 0.372587 1.453540 0.050000
0.301000 0.444781 1.433670 0.100000
0.401000 0.585786 1.384397 0.050000
0.451000 0.654291 1.355345 0.100000
0.551000 0.786610 1.289379 0.050000
0.601000 0.850176 1.252878 0.100000
0.701000 0.971576 1.173882 0.050000
0.751000 1.029224 1.131798 0.100000
0.851000 1.138029 1.043441 0.050000
0.901000 1.189057 0.997532 0.100000
1.001000 1.284113 0.903075 0.050000
1.051000 1.328063 0.854818 0.100000
1.151000 1.408661 0.756870 0.050000
1.201000 1.445269 0.707387 0.100000
1.301000 1.511034 0.607826 0.050000
1.351000 1.540177 0.557879 0.100000
1.451000 1.590966 0.457891 0.050000
1.501000 1.612611 0.407916 0.100000
1.601000 1.648410 0.308104 0.050000
1.651000 1.662570 0.258285 0.100000
1.751000 1.683423 0.158817 0.050000
1.801000 1.690122 0.109154 0.100000
1.901000 1.696075 0.009911 0.050000
1.951000 1.695330 -0.039698 0.100000
2.051000 1.686398 -0.138968 0.050000
2.101000 1.678207 -0.188656 0.100000
2.201000 1.654367 -0.288190 0.050000
2.251000 1.638711 -0.338045 0.100000
2.351000 1.599915 -0.437917 0.050000
2.401000 1.576769 -0.487908 0.100000
2.501000 1.522979 -0.587876 0.050000
2.551000 1.492337 -0.637775 0.100000
2.651000 1.423586 -0.737129 0.050000
2.701000 1.385495 -0.786438 0.100000
2.801000 1.301965 -0.883861 0.050000
2.851000 1.256572 -0.931750 0.100000
2.951000 1.158694 -1.025218 0.050000
3.001000 1.106297 -1.070491 0.100000
3.101000 0.994864 -1.157253 0.050000
3.151000 0.935966 -1.198366 0.100000
3.251000 0.812229 -1.275055 0.050000
3.301000 0.747588 -1.310214 0.100000
3.401000 0.613334 -1.373123 0.050000
3.451000 0.543982 -1.400467 0.100000
3.551000 0.401553 -1.445998 0.050000
3.601000 0.328793 -1.463853 0.100000
3.701000 0.181028 -1.489066 0.050000
3.751000 0.106380 -1.496227 0.100000
3.851000 -0.043525 -1.499369 0.050000
3.901000 -0.118407 -1.495325 0.100000
4.001000 -0.267104 -1.476170 0.050000
4.051000 -0.340553 -1.461212 0.100000
4.151000 -0.484779 -1.421111 0.050000
4.201000 -0.555226 -1.396267 0.100000
4.301000 -0.692026 -1.337875 0.050000
4.351000 -0.758101 -1.304717 0.100000
4.451000 -0.884984 -1.231505 0.050000
4.501000 -0.945576 -1.191869 0.100000
4.601000 -1.060599 -1.107564 0.050000
4.651000 -1.114876 -1.063286 0.100000
4.751000 -1.216643 -0.971387 0.050000
4.801000 -1.264033 -0.924094 0.100000
4.901000 -1.351634 -0.827541 0.050000
4.951000 -1.391787 -0.778530 0.100000
5.051000 -1.464700 -0.679555 0.050000
5.101000 -1.497433 -0.629757 0.100000
5.201000 -1.555417 -0.529866 0.050000
5.251000 -1.580660 -0.479868 0.100000
5.351000 -1.623649 -0.379927 0.050000
5.401000 -1.641397 -0.330024 0.100000
5.501000 -1.669416 -0.230392 0.050000
5.551000 -1.679692 -0.180662 0.100000
5.651000 -1.692791 -0.081338 0.050000
5.701000 -1.695617 -0.031719 0.100000
5.801000 -1.693828 0.067504 0.050000
5.851000 -1.689212 0.117138 0.100000
5.951000 -1.672531 0.216523 0.050000
6.001000 -1.660461 0.266293 0.100000
6.101000 -1.628847 0.366010 0.050000
6.151000 -1.609299 0.415950 0.100000
6.251000 -1.562705 0.515928 0.050000
6.301000 -1.535659 0.565915 0.100000
6.401000 -1.474075 0.665688 0.050000
6.451000 -1.439548 0.715362 0.100000
6.551000 -1.363074 0.813919 0.050000
6.601000 -1.321158 0.862616 0.100000
6.701000 -1.230091 0.958281 0.050000
6.751000 -1.181006 1.004982 0.100000
6.851000 -1.075952 1.095349 0.050000
6.901000 -1.020096 1.138670 0.100000
7.001000 -0.902074 1.220642 0.050000
7.051000 -0.840077 1.258893 0.100000
7.151000 -0.710612 1.328882 0.050000
7.201000 -0.643374 1.360203 0.100000
7.301000 -0.504542 1.414494 0.050000
7.351000 -0.433239 1.437088 0.100000
7.451000 -0.287653 1.472353 0.050000
7.501000 -0.213711 1.484756 0.100000
7.601000 -0.064419 1.498617 0.050000
7.651000 0.010561 1.499963 0.100000
7.751000 0.160255 1.491433 0.050000
7.801000 0.234597 1.481626 0.100000
7.901000 0.381361 1.451316 0.050000
7.951000 0.453433 1.431047 0.100000
8.051000 0.594139 1.381036 0.050000
8.101000 0.662468 1.351649 0.100000
8.201000 0.794386 1.285086 0.050000
8.251000 0.857731 1.248323 0.100000
8.351000 0.978652 1.168881 0.050000
8.401000 1.036046 1.126611 0.100000
8.501000 1.144315 1.037949 0.050000
8.551000 1.195066 0.991919 0.100000
8.651000 1.289551 0.897276 0.050000
8.701000 1.333209 0.848950 0.100000
8.801000 1.413215 0.750906 0.050000
8.851000 1.449524 0.701392 0.100000
8.951000 1.514688 0.601796 0.050000


"Condicions inicials: (x, v) = (-3, 0)"
0.000000 -3.000000 0.000000 0.001000
0.001000 -3.000000 0.000141 0.100000
0.101000 -2.999280 0.014277 0.050000
0.151000 -2.998388 0.021389 0.100000
0.251000 -2.995531 0.035790 0.050000
0.301000 -2.993559 0.043115 0.100000
0.401000 -2.988503 0.058102 0.050000
0.451000 -2.985406 0.065801 0.100000
0.551000 -2.978036 0.081707 0.050000
0.601000 -2.973746 0.089953 0.100000
0.701000 -2.963900 0.107130 0.050000
0.751000 -2.958320 0.116103 0.100000
0.851000 -2.945779 0.134929 0.050000
0.901000 -2.938786 0.144826 0.100000
1.001000 -2.923272 0.165710 0.050000
1.051000 -2.914712 0.176746 0.100000
1.151000 -2.895883 0.200137 0.050000
1.201000 -2.885568 0.212547 0.100000
1.301000 -2.863012 0.238938 0.050000
1.351000 -2.850717 0.252980 0.100000
1.451000 -2.823943 0.282914 0.050000
1.501000 -2.809401 0.298873 0.100000
1.601000 -2.777835 0.332944 0.050000
1.651000 -2.760737 0.351129 0.100000
1.751000 -2.723710 0.389980 0.050000
1.801000 -2.703696 0.410724 0.100000
1.901000 -2.660440 0.455039 0.050000
1.951000 -2.637101 0.478690 0.100000
2.051000 -2.586744 0.529173 0.050000
2.101000 -2.559618 0.556082 0.100000
2.201000 -2.501182 0.613420 0.050000
2.251000 -2.469754 0.643916 0.100000
2.351000 -2.402166 0.708714 0.050000
2.401000 -2.365877 0.743065 0.100000
2.501000 -2.287980 0.815754 0.050000
2.551000 -2.246239 0.854107 0.100000
2.651000 -2.156838 0.934800 0.050000
2.701000 -2.109046 0.977097 0.100000
2.801000 -2.006961 1.065388 0.050000
2.851000 -1.952550 1.111255 0.100000
2.951000 -1.836719 1.205979 0.050000
3.001000 -1.775207 1.254593 0.100000
3.101000 -1.644816 1.353544 0.050000
3.151000 -1.575890 1.403495 0.100000
3.251000 -1.430548 1.503184 0.050000
3.301000 -1.354156 1.552380 0.100000
3.401000 -1.194102 1.647933 0.050000
3.451000 -1.110556 1.693609 0.100000
3.551000 -0.936853 1.778943 0.050000
3.601000 -0.846922 1.817848 0.100000
3.701000 -0.661604 1.886266 0.050000
3.751000 -0.566554 1.915071 0.100000
3.851000 -0.372642 1.960286 0.050000
3.901000 -0.274211 1.976174 0.100000
4.001000 -0.075562 1.993559 0.050000
4.051000 0.024169 1.994844 0.100000
4.151000 0.223201 1.982517 0.050000
4.201000 0.322011 1.969057 0.100000
4.301000 0.517030 1.928359 0.050000
4.351000 0.612796 1.901597 0.100000
4.451000 0.799831 1.836747 0.050000
4.501000 0.890746 1.799347 0.100000
4.601000 1.066617 1.716439 0.050000
4.651000 1.151328 1.671686 0.100000
4.751000 1.313829 1.577429 0.050000
4.801000 1.391484 1.528624 0.100000
4.901000 1.539391 1.429261 0.050000
4.951000 1.609604 1.379271 0.100000
5.051000 1.742551 1.279907 0.050000
5.101000 1.805320 1.230945 0.100000
5.201000 1.923604 1.135305 0.050000
5.251000 1.979204 1.088893 0.100000
5.351000 2.083580 0.999388 0.050000
5.401000 2.132470 0.956440 0.100000
5.501000 2.223968 0.874396 0.050000
5.551000 2.266707 0.835354 0.100000
5.651000 2.346494 0.761286 0.050000
5.701000 2.383677 0.726254 0.100000
5.801000 2.452953 0.660124 0.050000
5.851000 2.485175 0.628982 0.100000
5.951000 2.545104 0.570402 0.050000
6.001000 2.572931 0.542899 0.100000
6.101000 2.624604 0.491286 0.050000
6.151000 2.648559 0.467100 0.100000
6.251000 2.692970 0.421775 0.050000
6.301000 2.713524 0.400558 0.100000
6.401000 2.751564 0.360817 0.050000
6.451000 2.769136 0.342217 0.100000
6.551000 2.801590 0.307371 0.050000
6.601000 2.816548 0.291053 0.100000
6.701000 2.844102 0.260452 0.050000
6.751000 2.856763 0.246102 0.100000
6.851000 2.880006 0.219142 0.050000
6.901000 2.890645 0.206471 0.100000
7.001000 2.910082 0.182601 0.050000
7.051000 2.918929 0.171346 0.100000
7.151000 2.934987 0.150065 0.050000
7.201000 2.942237 0.139987 0.100000
7.301000 2.955267 0.120838 0.050000
7.351000 2.961080 0.111720 0.100000
7.451000 2.971372 0.094288 0.050000
7.501000 2.975876 0.085931 0.100000
7.601000 2.983658 0.069832 0.050000
7.651000 2.986955 0.062051 0.100000
7.751000 2.992399 0.046930 0.050000
7.801000 2.994561 0.039553 0.100000
7.901000 2.997789 0.025075 0.050000
7.951000 2.998865 0.017937 0.100000
8.051000 2.999949 0.003778 0.050000
8.101000 2.999962 -0.003279 0.100000
8.201000 2.998927 -0.017434 0.050000


"Condicions inicials: (x, v) = (-3, 1)"
0.000000 -3.000000 1.000000 0.001000
0.001000 -2.999000 1.000142 0.100000
0.101000 -2.898110 1.019302 0.050000
0.151000 -2.846823 1.032592 0.100000
0.251000 -2.741947 1.066577 0.050000
0.301000 -2.688111 1.087258 0.100000
0.401000 -2.577033 1.135930 0.050000
0.451000 -2.519547 1.163876 0.100000
0.551000 -2.400090 1.226815 0.050000
0.601000 -2.337886 1.261705 0.100000
0.701000 -2.207973 1.337957 0.050000
0.751000 -2.140054 1.379120 0.100000
0.851000 -1.997812 1.466858 0.050000
0.901000 -1.923319 1.513093 0.100000
1.001000 -1.767238 1.609231 0.050000
1.051000 -1.685545 1.658611 0.100000
1.151000 -1.514696 1.758444 0.050000
1.201000 -1.425529 1.808176 0.100000
1.301000 -1.239822 1.905233 0.050000
1.351000 -1.143392 1.951667 0.100000
1.451000 -0.943826 2.037983 0.050000
1.501000 -0.840941 2.076899 0.100000
1.601000 -0.629770 2.143901 0.050000
1.651000 -0.521876 2.171119 0.100000
1.751000 -0.302596 2.211135 0.050000
1.801000 -0.191711 2.223363 0.100000
1.901000 0.031210 2.231370 0.050000
1.951000 0.142693 2.227029 0.100000
2.051000 0.364322 2.201980 0.050000
2.101000 0.473934 2.181638 0.100000
2.201000 0.689504 2.126760 0.050000
2.251000 0.795013 2.092973 0.100000
2.351000 1.000512 2.014877 0.050000
2.401000 1.100182 1.971510 0.100000
2.501000 1.292744 1.878551 0.050000
2.551000 1.385460 1.829902 0.100000
2.651000 1.563493 1.730489 0.050000
2.701000 1.648768 1.680535 0.100000
2.801000 1.811870 1.581928 0.050000
2.851000 1.889761 1.533890 0.100000
2.951000 2.038490 1.441641 0.050000
3.001000 2.109470 1.397852 0.100000
3.101000 2.245087 1.315788 0.050000
3.151000 2.309918 1.277774 0.100000
3.251000 2.434146 1.208279 0.050000
3.301000 2.493767 1.176941 0.100000
3.401000 2.608601 1.121340 0.050000
3.451000 2.664053 1.097145 0.100000
3.551000 2.771633 1.056078 0.050000
3.601000 2.824005 1.039231 0.100000
3.701000 2.926532 1.012945 0.050000

